K_C, H=26/125, 147 leaves:
  ((((((((889119, 993837), (886593, ((944722, ((972360, (994281, (985945,
  (996737, (992663, (997792, 997939)))))), 992746)), 950422))), (((979164,
  ((982815, 998098), (988490, (997580, 998464)))), (989821, ((991106, (998678,
  998419)), (991886, (997817, 996959))))), ((((((998332, ((998254, ((997985,
  998135), (997653, 997546))), (998268, (998977, 998472)))), ((997791, 997968),
  ((997702, 997987), (996886, 996865)))), ((((996142, 988270), (996142, 988549)),
  983945), (((995925, 988549), 998406), 984213))), (((998639, ((995969, 995727),
  998580)), (997469, 997684)), ((997367, 984213), (995155, 984213)))), 985044),
  (((((995939, 995545), (994198, 993374)), ((992895, 984203), 996988)),
  (((992330, 991191), 997700), 994731)), 985044)))), 959062), (((((994436,
  ((991497, 996927), (990326, 994165))), (995595, ((988617, 991112), (986529,
  987879)))), ((((995952, 990261), (991885, 985859)), 984695), (((987811,
  981530), 996925), 979536))), (((994654, ((984169, 984533), 998937)), (992382,
  997410)), ((993041, 972559), (985104, 965211)))), 959174)), 779608),
  (((((((989249, 991489), (985553, 985452)), (998946, 991490)), (((981493,
  979402), (977204, 973402)), 984358)), 957211), (((((972782, 967494), (968295,
  961705)), 970653), (((963793, 956054), 996164), 957903)), 937907)), 779608)),
  ((((((992994, 946055), (984111, 935053)), 916445), (((975655, 924844), (967661,
  915374)), 896815)), 779608), (((((960139, 906594), (953088, 898456)), 879518),
  (997189, 864475)), 775547)))


K_A, H=59/250, 47 leaves:
  ((((((996047, ((977876, 990119), ((988635, 985043), (986144, 977685)))),
  958706), ((((997781, (962331, 975139)), ((979056, 967876), 993156)), (((965126,
  968595), 995916), 985431)), 959174)), 779608), ((((((993906, 992148), 970108),
  (995753, 956359)), 943960), (((983841, 944026), (972776, 932146)), 917778)),
  779608)), ((((((964530, 920912), (957530, 910665)), 896241), (((951207,
  901302), 995366), 878040)), 779608), (((992957, 861613), (984274, 847770)),
  769257)))


K_B, H=17/80, 31 leaves:
  ((((((((901523, 983758), (901523, ((962569, 990633), 975857))), ((994270,
  993964), ((986416, 972870), 990727))), 959167), (((997970, 975607), (977422,
  946572)), 946015)), 779608), (((((960033, 920272), 992568), 894495), (978783,
  856528)), 779608)), ((((955877, 828882), 991540), 746844), (988709, 721738)))


 l0		v0	     l1 	 v1	     old     replacement
   2717/7200	  731/1200     103/90	   2729/2160   998946  (977402, 957857)
   251/960	  2717/7200    1391/1440   443/432     998937  (981615, 981121)
   4681/11520	  1393/3200    1745/3456   499/960     998580  (994991, 994583)
   2717/7200	  4681/11520   2117/4320   499/960     998639  (997827, 997465)
   1393/3200	  26743/57600  2737/5760   2117/4320   998406  (995058, 988549)
   48479/115200   1393/3200    1739/3840   3977/8640   998472  (996694, 996355)
   48479/115200   1393/3200    7697/17280  1739/3840   998977  (997199, 996950)
   4681/11520	  48479/115200 7697/17280  3977/8640   998268  (997770, 997673)
   98627/230400   1393/3200    31/72	   15137/34560 998135  ((997250, 995453),
  997843)
   4681/11520	  48479/115200 31/72	   7697/17280  998254  (997199, 997656)
   2717/7200	  4681/11520   31/72	   3977/8640   998332  (995736, 997137)
   9199/28800	  2717/7200    1001/1728   877/1440    998419  (990041, 993134)
   9199/28800	  2717/7200    1187/2160   1001/1728   998678  (990299, 994128)
   9199/28800	  2717/7200    499/960	   1187/2160   998464  (990086, 994756)
   9199/28800	  2717/7200    31/72	   2117/4320   998098  (992332, 995713).

